,City,Cloudiness,Country,Date,Humidity,Lat,Lng,Max Temp,Wind Speed
0,hobyo,0,SO,1539279908,79,5.35,48.53,26.04,9.41
1,bandundu,44,CD,1539279908,88,-3.32,17.38,25.19,0.96
2,pevek,0,RU,1539279909,100,69.7,170.27,-2.06,2.71
3,new norfolk,75,AU,1539277200,87,-42.78,147.06,9.0,2.6
4,dingle,56,PH,1539279909,92,11.0,122.67,25.09,2.86
5,port elizabeth,90,US,1539278760,93,39.31,-74.98,27.8,2.1
6,mendota,1,US,1539276960,56,36.75,-120.38,18.9,1.51
7,bam,0,IR,1539279910,34,29.11,58.36,11.24,2.01
8,qaanaaq,56,GL,1539279910,100,77.48,-69.36,-6.86,4.06
9,stonehaven,40,GB,1539278400,93,56.96,-2.22,13.0,8.2
10,tautira,75,PF,1539277200,74,-17.73,-149.15,26.0,3.1
11,saint george,20,GR,1539278400,59,39.45,22.34,17.0,2.1
12,pangnirtung,20,CA,1539277200,67,66.15,-65.72,-5.0,6.2
13,kholtoson,0,RU,1539279911,61,50.3,103.31,-6.21,0.51
14,auki,88,NG,1539279912,45,12.18,6.51,28.79,1.61
15,luderitz,0,NA,1539277200,87,-26.65,15.16,15.0,12.9
16,ilulissat,20,GL,1539276600,38,69.22,-51.1,-4.0,1.0
17,port shepstone,100,ZA,1539279912,89,-30.74,30.45,21.74,9.01
18,galiakot,0,IN,1539279912,64,23.54,74.01,25.04,0.86
19,grootfontein,20,NA,1539277200,21,-19.56,18.1,28.0,3.66
20,half moon bay,40,US,1539279480,69,37.46,-122.43,17.2,2.1
21,acapulco,20,MX,1539276300,74,16.86,-99.88,29.0,3.1
22,devarkonda,88,IN,1539279913,51,16.69,78.91,27.19,2.76
23,puerto ayora,40,EC,1539277200,57,-0.74,-90.35,26.0,3.1
24,vilyuysk,92,RU,1539279914,99,63.75,121.63,0.79,1.06
25,cape town,20,ZA,1539277200,77,-33.93,18.42,15.0,4.1
26,blagodatnoye,0,RU,1539277200,87,51.57,35.54,9.0,2.0
27,rikitea,92,PF,1539279915,100,-23.12,-134.97,21.19,4.81
28,avarua,75,CK,1539277200,78,-21.21,-159.78,23.0,4.6
29,busselton,8,AU,1539279915,100,-33.64,115.35,16.29,4.96
30,atuona,92,PF,1539279915,100,-9.8,-139.03,26.34,7.81
31,jinka,24,ET,1539279916,87,5.79,36.57,17.44,0.71
32,ushuaia,75,AR,1539277200,87,-54.81,-68.31,9.0,3.1
33,touros,0,BR,1539279916,57,-5.2,-35.46,29.84,7.26
34,sao filipe,20,CV,1539279917,91,14.9,-24.5,27.49,6.06
35,albany,90,US,1539277980,90,42.65,-73.75,22.2,0.26
36,utiel,20,ES,1539279000,78,39.57,-1.21,23.0,1.5
37,toumodi,68,CI,1539279918,75,6.56,-5.02,28.14,1.21
38,tasiilaq,75,GL,1539276600,100,65.61,-37.64,0.0,3.1
39,vaini,0,IN,1539279918,78,15.34,74.49,22.79,2.01
40,victoria,75,BN,1539277200,83,5.28,115.24,27.0,1.5
41,kodiak,75,US,1539278280,63,39.95,-94.76,8.3,4.6
42,maragogi,12,BR,1539279912,73,-9.01,-35.22,27.19,5.56
43,namibe,12,AO,1539279919,100,-15.19,12.15,20.44,3.56
44,esperance,40,TT,1539277200,52,10.24,-61.45,34.0,4.1
45,severo-kurilsk,80,RU,1539279919,100,50.68,156.12,6.89,4.71
46,souillac,90,FR,1539279000,93,45.6,-0.6,18.0,2.1
47,fortuna,0,ES,1539279000,78,38.18,-1.13,24.0,1.0
48,colmar,0,FR,1539279000,87,48.08,7.36,16.0,1.0
49,manati,0,AL,1539278400,82,41.76,19.67,17.0,1.0
50,hermanus,80,ZA,1539279921,79,-34.42,19.24,13.69,1.66
51,hambantota,76,LK,1539279921,100,6.12,81.12,26.39,5.61
52,opuwo,0,NA,1539279922,24,-18.06,13.84,23.24,1.76
53,upata,24,VE,1539279922,69,8.02,-62.41,30.59,2.76
54,srednekolymsk,88,RU,1539279922,95,67.46,153.71,-3.76,1.16
55,saurimo,32,AO,1539279922,58,-9.66,20.4,24.14,2.71
56,jamestown,0,AU,1539279923,92,-33.21,138.6,8.99,3.36
57,corrales,92,CO,1539279923,100,5.83,-72.84,12.34,0.66
58,paita,0,PE,1539277200,290,-5.09,-81.11,17.0,5.1
59,bemidji,90,US,1539278100,86,47.48,-94.89,-3.0,7.2
60,geraldton,90,CA,1539277200,87,49.72,-86.95,0.0,3.1
61,ust-kut,64,RU,1539279924,79,56.78,105.75,1.59,2.06
62,los llanos de aridane,20,ES,1539279000,73,28.66,-17.92,25.0,2.1
63,vardo,90,US,1539278100,87,39.62,-77.74,26.0,2.6
64,muros,20,ES,1539279000,63,42.77,-9.06,16.0,5.7
65,gonc,0,HU,1539277200,51,48.47,21.28,16.0,1.5
66,sao felix do xingu,64,BR,1539279925,70,-6.64,-51.99,29.99,1.16
67,saskylakh,92,RU,1539279925,94,71.97,114.09,-3.61,1.76
68,punta arenas,75,CL,1539277200,90,-53.16,-70.91,10.0,10.8
69,shimoda,75,JP,1539275280,82,34.7,138.93,19.0,4.1
70,puerto quijarro,75,BO,1539277200,66,-19.0,-57.72,30.0,2.6
71,chokurdakh,64,RU,1539279926,87,70.62,147.9,-5.81,1.16
72,kamaishi,92,JP,1539279927,100,39.28,141.86,14.49,2.21
73,barrow,12,AR,1539279927,51,-38.31,-60.23,15.94,2.31
74,kindu,92,CD,1539279927,86,-2.95,25.92,23.34,0.66
75,rocha,92,UY,1539279727,61,-34.48,-54.34,13.79,3.36
76,east london,0,ZA,1539277200,72,-33.02,27.91,19.0,7.2
77,hilo,1,US,1539276960,93,19.71,-155.08,21.1,1.5
78,cherrapunji,100,IN,1539279928,99,25.28,91.72,20.79,0.76
79,fairbanks,90,US,1539278760,100,64.84,-147.72,2.0,2.1
80,monterey,90,US,1539279300,76,36.6,-121.89,17.2,1.56
81,tyret pervaya,92,RU,1539279929,99,53.67,102.31,4.29,2.71
82,hithadhoo,48,MV,1539279929,100,-0.6,73.08,28.79,2.91
83,adrar,0,DZ,1539277200,22,27.87,-0.29,33.0,5.1
84,zhuhai,0,CN,1539277200,64,40.71,112.04,0.0,2.0
85,plettenberg bay,80,ZA,1539279930,100,-34.05,23.37,16.69,7.16
86,riyadh,0,SA,1539277200,11,24.63,46.72,31.0,2.6
87,saldanha,12,PT,1539279930,68,41.42,-6.55,16.24,4.01
88,seydisehir,32,TR,1539279930,93,37.42,31.85,6.99,0.86
89,pochutla,90,MX,1539277980,88,15.74,-96.47,27.0,7.7
90,mataura,64,NZ,1539279934,90,-46.19,168.86,3.49,5.71
91,skibbereen,20,IE,1539279000,81,51.55,-9.27,11.0,5.7
92,kahului,20,US,1539277980,87,20.89,-156.47,23.9,2.51
93,ixtapa,20,MX,1539276420,62,20.71,-105.21,29.0,1.21
94,husavik,64,CA,1539279935,100,50.56,-96.99,0.44,5.86
95,hasaki,75,JP,1539278520,100,35.73,140.83,21.0,3.6
96,karratha,0,AU,1539279936,58,-20.74,116.85,19.69,3.76
97,port lincoln,0,AU,1539279936,98,-34.72,135.86,13.64,5.16
98,bay roberts,75,CA,1539277200,48,47.58,-53.28,4.0,9.8
99,hobart,75,AU,1539277200,87,-42.88,147.33,9.0,2.6
100,torbay,75,CA,1539277200,48,47.66,-52.73,4.0,9.8
101,lorengau,36,PG,1539279937,100,-2.02,147.27,28.14,4.76
102,nikolskoye,90,RU,1539277200,100,59.7,30.79,6.0,1.0
103,saint-philippe,90,CA,1539278280,93,45.36,-73.48,13.2,4.6
104,provideniya,80,RU,1539279938,100,64.42,-173.23,4.79,9.61
105,port alfred,68,ZA,1539279938,91,-33.59,26.89,19.29,9.06
106,tuktoyaktuk,90,CA,1539278460,92,69.44,-133.03,-6.0,4.6
107,nelson bay,90,AU,1539279000,100,-32.72,152.14,12.0,2.1
108,douglas,75,US,1539276960,56,31.34,-109.55,20.0,6.7
109,georgetown,40,GY,1539277200,52,6.8,-58.16,34.0,5.1
110,mandalgovi,0,MN,1539279940,73,45.76,106.27,-2.21,2.51
111,sungaipenuh,76,ID,1539279940,96,-2.08,101.38,19.64,0.41
112,buala,80,SB,1539279940,89,-8.15,159.59,27.94,2.91
113,christchurch,92,NZ,1539279000,87,-43.53,172.64,7.0,8.2
114,isangel,32,VU,1539279941,100,-19.55,169.27,23.69,4.06
115,butaritari,88,KI,1539279941,100,3.07,172.79,29.34,3.01
116,sibolga,92,ID,1539279941,100,1.74,98.78,20.44,0.41
117,upernavik,80,GL,1539279942,100,72.79,-56.15,-2.51,5.81
118,bethel,75,US,1539276780,95,60.79,-161.76,5.6,7.2
119,castro,0,CL,1539279943,66,-42.48,-73.76,12.64,2.51
120,ganzhou,68,CN,1539279943,70,25.86,114.93,13.34,1.31
121,arraial do cabo,75,BR,1539277200,78,-22.97,-42.02,27.0,3.1
122,vila velha,20,BR,1539277200,52,-3.71,-38.6,31.0,8.2
123,norman wells,75,CA,1539277200,80,65.28,-126.83,-1.0,2.6
124,thompson,20,CA,1539277200,54,55.74,-97.86,-1.0,1.0
125,semnan,0,IR,1539279944,64,35.58,53.39,14.29,1.16
126,interlaken,0,CH,1539276600,52,46.69,7.86,21.0,2.6
127,biloela,88,AU,1539279944,95,-24.4,150.51,17.29,3.36
128,mahebourg,40,MU,1539277200,64,-20.41,57.7,23.0,7.7
129,mar del plata,0,AR,1539279945,36,-46.43,-67.52,17.49,5.46
130,sitka,32,US,1539279945,100,37.17,-99.65,8.09,2.06
131,ponta do sol,64,BR,1539279946,53,-20.63,-46.0,29.69,2.06
132,klyuchi,0,RU,1539279946,68,52.25,79.17,6.94,5.86
133,port augusta,0,AU,1539277200,87,-32.49,137.76,10.0,2.1
134,bela,0,PK,1539279947,44,26.23,66.31,12.79,1.16
135,brae,75,GB,1539278400,93,60.4,-1.35,13.0,12.3
136,dikson,36,RU,1539279947,100,73.51,80.55,0.09,7.71
137,carnarvon,48,ZA,1539279948,16,-30.97,22.13,21.59,4.51
138,mbuyapey,56,PY,1539279948,81,-26.22,-56.76,28.19,2.76
139,verkhnevilyuysk,80,RU,1539279948,100,63.45,120.31,-0.06,0.96
140,saint anthony,90,US,1539278100,67,43.97,-111.68,6.7,1.5
141,oriximina,24,BR,1539279948,45,-1.77,-55.87,35.04,2.51
142,podgorica,0,ME,1539277200,45,42.44,19.26,20.0,0.5
143,tucumcari,90,US,1539278160,92,35.17,-103.73,9.4,2.96
144,olga,1,US,1539277080,53,34.11,-118.17,21.7,0.76
145,chuy,92,UY,1539279949,79,-33.69,-53.46,14.04,6.61
146,bredasdorp,80,ZA,1539277200,67,-34.53,20.04,16.0,3.6
147,saint-joseph,90,FR,1539279000,88,43.56,6.97,19.0,0.5
148,pareora,92,NZ,1539279950,100,-44.49,171.21,4.49,5.71
149,hay river,90,CA,1539277200,86,60.82,-115.79,-2.0,3.6
150,lebu,0,ET,1539279950,39,8.96,38.73,13.49,3.36
151,tigil,92,RU,1539279951,96,57.8,158.67,4.24,3.21
152,sao gabriel da cachoeira,20,BR,1539277200,66,-0.13,-67.09,30.0,2.1
153,okoneshnikovo,32,RU,1539279951,48,54.84,75.08,10.84,7.81
154,saint-ambroise,0,FR,1539279000,93,47.25,-0.65,14.0,1.0
155,sao joao da barra,75,BR,1539277200,74,-21.64,-41.05,26.0,5.1
156,bluff,76,AU,1539279952,89,-23.58,149.07,19.29,4.06
157,kapaa,20,US,1539276960,86,22.08,-159.32,22.8,3.6
158,limbang,75,BN,1539279000,94,4.75,115.01,27.0,2.1
159,haines junction,0,CA,1539279953,82,60.75,-137.51,-3.06,0.76
160,gushikawa,90,JP,1539277200,86,26.35,127.87,21.0,3.6
161,dakar,0,SN,1539277200,79,14.69,-17.45,30.0,6.2
162,tazovskiy,92,RU,1539279953,94,67.47,78.7,0.89,7.86
163,beberibe,20,BR,1539277200,52,-4.18,-38.13,31.0,8.2
164,kaitangata,92,NZ,1539279954,91,-46.28,169.85,4.84,7.26
165,cumberland,90,US,1539278940,94,41.97,-71.43,25.0,5.1
166,yarmouth,40,GB,1539278400,87,50.71,-1.5,15.0,5.1
167,tuatapere,88,NZ,1539279954,100,-46.13,167.69,5.69,10.06
168,boende,92,CD,1539279955,100,-0.28,20.88,21.54,0.26
169,tiksi,88,RU,1539279955,95,71.64,128.87,-1.66,2.96
170,sao geraldo do araguaia,44,BR,1539279955,71,-6.4,-48.55,30.59,2.11
171,nizhneudinsk,0,RU,1539279956,86,54.91,99.03,-1.16,1.06
172,mount isa,0,AU,1539279000,30,-20.73,139.49,22.0,3.6
173,shubarshi,12,KZ,1539279957,62,48.59,57.19,9.99,5.61
174,banjar,64,ID,1539279957,88,-7.37,108.54,22.34,0.91
175,caravelas,32,BR,1539279957,100,-17.73,-39.27,25.84,6.16
176,latung,0,ID,1539279957,92,-8.45,120.42,19.59,1.41
177,aklavik,90,CA,1539277200,92,68.22,-135.01,-6.0,1.0
178,jalu,0,LY,1539279958,31,29.03,21.55,25.69,4.31
179,ginda,0,IN,1539279958,95,30.69,78.49,5.04,0.91
180,faya,0,SA,1539277200,68,18.39,42.45,23.0,2.51
181,altamont,48,CA,1539278100,100,49.4,-98.5,-1.0,5.1
182,bathsheba,40,BB,1539277200,74,13.22,-59.52,30.0,5.1
183,tura,92,IN,1539279959,99,25.52,90.21,21.69,0.76
184,mount gambier,0,AU,1539279826,85,-37.83,140.78,8.94,2.21
185,foxton,36,NZ,1539279960,97,-40.47,175.29,12.44,9.01
186,kaeo,48,NZ,1539279960,89,-35.1,173.78,12.09,7.86
187,sarangani,0,PH,1539279960,97,5.4,125.46,28.99,5.46
188,bilibino,36,RU,1539279960,76,68.06,166.44,-11.91,1.36
189,rongcheng,0,CN,1539279960,100,37.16,122.42,7.29,2.86
190,airai,0,TL,1539279961,78,-8.93,125.41,13.24,0.66
191,puerto cabezas,40,NI,1539277200,74,14.04,-83.39,31.0,3.1
192,urdoma,12,RU,1539279961,77,61.74,48.55,2.29,4.01
193,sept-iles,90,CA,1539277200,55,50.2,-66.38,2.0,3.6
194,praia,20,BR,1539277200,33,-20.25,-43.81,31.0,5.7
195,moron,75,VE,1539277200,51,10.49,-68.2,30.0,0.51
196,edd,0,ER,1539279962,50,13.93,41.69,23.04,1.16
197,zhigansk,88,RU,1539279962,92,66.77,123.37,-1.11,2.41
198,lashio,92,MM,1539279963,98,22.93,97.75,18.64,0.86
199,juliaca,32,PE,1539279963,53,-15.49,-70.13,14.99,2.76
200,ribeira grande,75,PT,1539277200,83,38.52,-28.7,23.0,15.4
201,francisco sa,0,BR,1539277200,14,-16.48,-43.49,37.0,4.1
202,kroya,8,ID,1539279963,86,-6.5,108.06,22.04,1.61
203,tucurui,32,BR,1539279964,64,-3.77,-49.67,31.04,1.51
204,leningradskiy,92,RU,1539279964,95,69.38,178.42,2.29,5.71
205,henties bay,8,NA,1539279964,95,-22.12,14.28,15.34,4.51
206,ljungby,0,SE,1539278400,71,56.83,13.94,13.0,3.1
207,yulara,20,AU,1539277200,82,-25.24,130.99,17.0,5.7
208,martapura,90,ID,1539277200,100,-3.41,114.85,24.0,1.0
209,sangar,88,RU,1539279966,75,63.92,127.47,-4.16,3.41
210,liverpool,40,GB,1539278400,93,53.41,-2.98,13.0,2.6
211,sungairaya,92,ID,1539279966,100,0.7,108.9,23.24,1.06
212,atambua,0,ID,1539279966,100,-9.11,124.89,22.09,1.96
213,caarapo,88,BR,1539279967,80,-22.63,-54.82,26.44,4.26
214,oranjemund,64,ZA,1539279967,95,-28.55,16.43,15.34,8.76
215,roald,0,NO,1539278400,48,62.58,6.12,21.0,5.7
216,clarence town,90,AU,1539279000,100,-32.59,151.78,12.0,2.1
217,ahipara,92,NZ,1539279967,92,-35.17,173.16,13.59,11.06
218,cabo san lucas,40,MX,1539276660,69,22.89,-109.91,26.0,1.5
219,fergus falls,90,US,1539278160,86,46.28,-96.08,1.1,7.2
220,khasan,0,RU,1539279968,100,42.43,130.64,8.19,6.06
221,norsup,8,VU,1539279968,97,-16.07,167.38,24.44,3.46
222,portmore,40,JM,1539277200,78,17.97,-76.87,28.0,5.7
223,yakeshi,24,CN,1539279969,79,49.28,120.73,2.09,4.66
224,tripoli,20,GR,1539278400,68,37.51,22.37,19.0,2.1
225,kattivakkam,40,IN,1539279000,89,13.22,80.32,29.0,4.6
226,kirovskiy,24,RU,1539279698,95,45.09,133.51,2.69,1.11
227,nanuque,12,BR,1539279970,39,-17.84,-40.35,33.54,6.26
228,lodingen,75,NO,1539278400,87,68.41,16.0,10.0,3.6
229,george town,75,MY,1539277200,88,5.42,100.33,26.0,1.5
230,primorskiy,0,RU,1539277200,63,45.26,36.91,16.0,5.0
231,padang,92,ID,1539279971,100,-0.92,100.36,25.59,4.76
232,alnashi,24,RU,1539279971,69,56.18,52.48,3.19,6.11
233,sorong,48,ID,1539279972,100,-0.86,131.25,26.74,2.66
234,faanui,68,PF,1539279972,98,-16.48,-151.75,26.84,5.91
235,yinchuan,12,CN,1539279972,38,38.48,106.21,6.44,3.76
236,ancud,0,CL,1539279972,61,-41.87,-73.83,13.69,2.11
237,cottonwood,90,US,1539279300,93,34.74,-112.01,11.1,0.61
238,vestmanna,90,FO,1539278400,100,62.16,-7.17,11.0,7.2
239,imbituba,75,BR,1539277200,60,-28.24,-48.67,22.0,5.7
240,mogadishu,20,SO,1539279842,99,2.04,45.34,26.24,6.16
241,vrangel,12,RU,1539279973,100,42.73,133.08,9.79,8.96
242,richards bay,12,ZA,1539279973,55,-28.77,32.06,26.29,3.81
243,ekhabi,8,RU,1539279974,90,53.51,142.97,0.19,1.86
244,cherskiy,76,RU,1539279974,100,68.75,161.3,-4.16,1.16
245,kamina,64,CD,1539279974,93,-8.74,25.0,19.99,3.66
246,quimper,0,FR,1539279000,82,48.0,-4.1,15.0,3.1
247,kathmandu,75,NP,1539278400,88,27.71,85.32,19.0,2.6
248,tiarei,75,PF,1539279000,74,-17.53,-149.33,26.0,1.5
249,tchamba,44,TG,1539279975,79,9.03,1.42,26.39,1.11
250,san quintin,8,PH,1539279975,82,17.54,120.52,19.84,1.11
251,poya,56,NC,1539279975,100,-21.35,165.16,21.59,2.01
252,kungurtug,20,RU,1539279976,72,50.6,97.53,-5.21,1.36
253,axim,80,GH,1539279976,98,4.87,-2.24,26.34,4.26
254,tuy hoa,56,VN,1539279976,97,13.08,109.3,25.34,4.46
255,landerneau,75,FR,1539279000,82,48.45,-4.26,14.0,5.7
256,san juan,40,PR,1539276960,72,18.47,-66.12,30.0,5.1
257,inirida,64,CO,1539279978,84,3.87,-67.92,28.09,1.16
258,portland,40,US,1539276780,82,45.52,-122.67,12.8,2.6
259,miraflores,80,CO,1539279979,98,5.2,-73.14,14.09,0.76
260,dharchula,0,IN,1539279979,60,29.85,80.53,4.89,0.76
261,cascais,20,PT,1539277200,64,38.7,-9.42,21.0,5.1
262,atar,12,MR,1539279979,18,20.52,-13.05,37.39,1.31
263,grindavik,90,IS,1539277200,87,63.84,-22.43,12.0,16.5
264,ahuimanu,90,US,1539277020,93,21.44,-157.84,25.0,2.86
265,nerchinskiy zavod,8,RU,1539279980,73,51.31,119.61,-0.91,1.66
266,nebolchi,12,RU,1539279980,91,59.12,33.35,3.34,1.06
267,coahuayana,88,MX,1539279981,85,18.62,-100.35,22.44,0.86
268,hami,0,CN,1539279981,57,42.84,93.51,4.14,1.21
269,kruisfontein,80,ZA,1539279981,88,-34.0,24.73,17.09,7.41
270,biak,56,ID,1539279982,100,-0.91,122.88,24.49,1.56
271,bubaque,20,GW,1539277200,70,11.28,-15.83,31.0,2.1
272,coihaique,0,CL,1539277200,34,-45.58,-72.07,12.0,4.1
273,ayan,32,TR,1539279983,93,40.67,33.6,5.79,0.91
274,meulaboh,76,ID,1539279983,100,4.14,96.13,24.29,2.21
275,clovis,75,US,1539276960,69,36.83,-119.7,18.9,2.6
276,namatanai,0,PG,1539279984,99,-3.66,152.44,28.44,3.81
277,constantine,40,DZ,1539277200,53,36.36,6.61,23.0,1.5
278,syracuse,90,US,1539278640,81,43.05,-76.15,23.3,2.6
279,tonantins,88,BR,1539279985,70,-2.86,-67.77,30.94,1.56
280,puerto ayacucho,40,CO,1539277200,59,5.66,-67.63,33.0,1.5
281,sandwick,90,GB,1539276600,87,54.57,-2.89,14.0,4.1
282,kopervik,0,NO,1539278400,63,59.28,5.31,17.0,9.3
283,ust-koksa,0,RU,1539279986,74,50.27,85.62,-6.31,0.96
284,yellowknife,75,CA,1539277200,91,62.45,-114.38,0.0,1.0
285,marienburg,0,DE,1539278400,63,52.12,9.98,19.0,2.6
286,ust-tsilma,80,RU,1539279987,96,65.44,52.15,1.44,3.36
287,grand forks,90,US,1539278100,86,47.91,-97.06,-1.0,7.7
288,dandong,0,CN,1539279988,88,40.12,124.37,-0.66,1.11
289,robertsport,32,LR,1539279988,100,6.75,-11.37,25.19,2.21
290,maues,56,BR,1539279989,53,-3.38,-57.72,33.94,3.91
291,shumskiy,0,RU,1539279989,91,54.83,99.13,-3.16,0.96
292,mangai,44,CD,1539279989,94,-4.07,19.59,23.59,0.91
293,zeya,44,RU,1539279989,81,53.74,127.27,-2.41,0.86
294,helena,90,US,1539276780,13,46.59,-112.04,3.3,1.51
295,chivay,92,PE,1539279990,30,-15.64,-71.6,13.49,1.16
296,longyearbyen,75,NO,1539276600,79,78.22,15.63,-2.0,4.1
297,fayetteville,1,US,1539277080,59,36.06,-94.16,12.8,3.1
298,khatanga,0,RU,1539279991,85,71.98,102.47,-6.21,4.91
299,elizabethton,75,US,1539278100,83,36.35,-82.21,22.0,5.1
300,sika,8,NG,1539279991,63,8.57,4.45,28.44,1.56
301,nuevo progreso,40,US,1539278640,65,26.05,-97.95,31.1,4.1
302,moundsville,90,US,1539278940,88,39.92,-80.74,21.0,4.1
303,qeshm,0,IR,1539277200,54,26.96,56.27,28.0,3.1
304,bandiagara,48,ML,1539279992,63,14.35,-3.61,27.84,1.81
305,olavarria,44,AR,1539279993,54,-36.89,-60.32,15.79,4.46
306,necochea,0,AR,1539279770,80,-38.55,-58.74,14.04,2.06
307,marzuq,0,YE,1539279993,32,14.4,46.47,15.19,1.21
308,karla,90,EE,1539278400,93,59.37,24.93,11.0,1.5
309,buta,92,CD,1539279994,96,2.79,24.73,21.19,0.91
310,marrakesh,40,MA,1539277200,37,31.63,-7.99,29.0,1.0
311,haapiti,75,PF,1539279000,74,-17.57,-149.87,26.0,1.5
312,oudtshoorn,20,ZA,1539277200,72,-33.59,22.2,16.0,2.6
313,san rafael,32,AR,1539279995,31,-34.61,-68.33,16.29,2.21
314,hamilton,40,BM,1539276900,61,32.3,-64.78,26.0,3.6
315,verkhoyansk,12,RU,1539279996,88,67.55,133.39,-10.01,1.11
316,scarborough,88,GB,1539276600,64,54.28,-0.41,20.0,5.1
317,finschhafen,20,PG,1539279996,92,-6.6,147.85,21.49,0.71
318,te anau,88,NZ,1539279996,99,-45.41,167.72,1.09,3.76
319,bambous virieux,40,MU,1539277200,64,-20.34,57.76,23.0,7.7
320,quelimane,75,MZ,1539277200,78,-17.88,36.89,27.0,3.6
321,uyuni,0,BO,1539279997,14,-20.46,-66.82,18.79,5.36
322,joensuu,90,FI,1539278400,87,62.6,29.76,9.0,2.1
323,laa,56,SL,1539279998,84,8.08,-10.77,26.14,3.16
324,sakaraha,36,MG,1539279998,95,-22.91,44.53,17.29,1.96
325,mapiripan,80,CO,1539279998,100,2.89,-72.13,25.44,0.91
326,belmonte,20,PT,1539279998,84,40.36,-7.35,15.54,2.51
327,broken hill,92,AU,1539279999,81,-31.97,141.45,13.89,3.61
328,bougouni,20,ML,1539279999,58,11.42,-7.49,30.74,2.26
329,yumbe,24,UG,1539279999,94,3.47,31.25,18.99,1.36
330,pisco,90,PE,1539277200,30,-13.71,-76.2,22.0,3.1
331,alyangula,0,AU,1539280000,100,-13.85,136.42,26.04,4.31
332,nam som,36,TH,1539280000,64,17.77,102.19,23.19,2.06
333,katsuura,80,JP,1539280001,97,33.93,134.5,14.64,5.21
334,beringovskiy,92,RU,1539280001,100,63.05,179.32,5.09,9.91
335,pangai,20,TO,1539277200,100,-19.8,-174.35,24.0,5.1
336,barda,92,RU,1539280002,92,56.93,55.59,3.04,3.91
337,changping,0,CN,1539277200,80,40.22,116.23,4.0,2.0
338,werota,0,ET,1539280002,72,11.92,37.7,14.79,1.96
339,benguela,8,AO,1539280003,100,-12.58,13.4,22.79,3.41
340,komsomolskiy,8,RU,1539280003,87,67.55,63.78,-0.71,8.76
341,ormara,0,PK,1539280003,87,25.21,64.64,24.59,1.96
342,sioux lookout,90,CA,1539279900,86,50.1,-91.92,-1.0,3.1
343,fougamou,68,GA,1539280004,93,-1.22,10.59,24.59,1.21
344,byron bay,90,AU,1539279000,93,-28.65,153.62,16.0,3.6
345,varkaus,90,FI,1539278400,81,62.32,27.87,11.0,1.0
346,alta floresta,8,BR,1539280004,40,-9.87,-56.08,35.94,1.21
347,loa janan,88,ID,1539280004,100,-0.58,117.09,23.29,1.06
348,moose factory,90,CA,1539279480,93,51.26,-80.61,4.0,7.7
349,zhezkazgan,75,KZ,1539277200,39,47.8,67.71,9.0,5.0
350,mul,44,IN,1539280005,78,20.07,79.68,25.44,4.56
351,paranaiba,44,BR,1539280005,95,-19.68,-51.19,27.19,2.06
352,vostok,92,RU,1539280006,99,46.45,135.83,3.59,1.06
353,salalah,0,OM,1539276600,49,17.01,54.1,32.0,4.6
354,nabire,44,ID,1539280006,94,-3.36,135.5,19.84,0.71
355,burley,90,US,1539277200,76,42.54,-113.79,8.3,2.1
356,redlands,75,US,1539277260,59,34.06,-117.19,24.4,1.06
357,shingu,100,JP,1539280007,100,33.72,135.99,19.14,4.66
358,trelew,0,AR,1539280007,29,-43.25,-65.31,20.54,7.06
359,yumen,8,CN,1539280008,62,40.29,97.04,1.59,3.01
360,tougan,8,BF,1539280008,46,13.07,-3.07,32.29,1.86
361,nouadhibou,56,MR,1539277200,61,20.93,-17.03,26.0,7.2
362,guiratinga,36,BR,1539280008,65,-16.35,-53.76,31.64,0.86
363,conde,0,BR,1539280009,66,-11.81,-37.61,28.44,5.11
364,quatre cocos,40,MU,1539277200,64,-20.21,57.76,23.0,7.7
365,potosi,75,BO,1539277200,62,-19.59,-65.75,13.0,6.2
366,itarema,0,BR,1539280009,47,-2.92,-39.92,32.59,8.81
367,carutapera,0,BR,1539280010,62,-1.2,-46.02,31.19,6.31
368,rio real,0,BR,1539280010,46,-11.49,-37.93,30.19,6.06
369,gillette,20,US,1539276780,13,44.29,-105.5,3.3,7.7
370,cairns,40,AU,1539277200,88,-16.92,145.77,21.0,1.0
371,seydi,32,NE,1539280011,39,13.34,7.75,29.44,2.11
372,monrovia,64,LR,1539280011,94,6.33,-10.8,24.99,2.91
373,codrington,92,AU,1539280011,100,-28.95,153.24,14.24,1.86
374,santiago del estero,90,AR,1539278100,82,-27.8,-64.26,15.0,3.1
375,camacha,20,PT,1539279000,78,33.08,-16.33,24.0,4.1
376,nanortalik,0,GL,1539280012,96,60.14,-45.24,1.89,7.51
377,constitucion,20,MX,1539276600,34,23.99,-104.67,20.0,2.1
378,yashalta,0,RU,1539280013,78,46.34,42.27,10.34,2.26
379,broome,0,GB,1539278400,72,52.47,1.45,20.0,4.6
380,tokur,0,RU,1539279900,78,53.13,132.9,-6.21,0.96
381,caohai,92,CN,1539280013,99,26.87,104.28,7.99,1.31
382,westport,20,IE,1539279000,81,53.8,-9.52,10.0,2.6
383,xiantao,32,CN,1539280014,80,30.37,113.44,11.24,2.71
384,taltal,0,CL,1539280014,74,-25.41,-70.49,18.44,1.66
385,nishihara,90,JP,1539278760,93,35.74,139.53,21.0,2.1
386,ocos,40,GT,1539277200,74,14.51,-92.19,29.0,3.1
387,victor harbor,0,AU,1539279000,54,-35.55,138.62,15.0,3.6
388,severomuysk,88,RU,1539280015,80,56.17,113.57,-6.31,0.91
389,shahrud,32,IR,1539280019,85,36.42,54.97,5.84,1.06
390,ondjiva,0,AO,1539280019,15,-17.07,15.73,26.49,4.01
391,kavieng,8,PG,1539280019,100,-2.57,150.8,29.49,4.31
392,cayenne,20,GF,1539277200,55,4.94,-52.33,33.0,5.7
393,porto nacional,0,BR,1539280020,56,-10.7,-48.41,34.04,2.06
394,moussoro,0,TD,1539280020,52,13.64,16.49,26.74,1.61
395,bonavista,64,CA,1539280020,100,48.65,-53.11,4.89,11.31
396,griffith,0,AU,1539280020,84,-34.29,146.06,9.84,5.41
397,maningrida,0,AU,1539280021,85,-12.05,134.23,25.19,3.36
398,port blair,88,IN,1539280021,100,11.67,92.75,28.44,6.01
399,seoul,0,KR,1539279000,57,37.57,126.98,9.0,5.1
400,iqaluit,75,CA,1539277200,74,63.75,-68.52,-2.0,7.2
401,homa bay,75,KE,1539277200,64,-0.53,34.45,23.0,3.1
402,kirakira,92,SB,1539280022,100,-10.46,161.92,28.29,6.11
403,tiznit,44,MA,1539280022,95,29.7,-9.73,20.64,2.46
404,port-gentil,40,GA,1539277200,78,-0.72,8.78,28.0,6.7
405,belgrade,0,RS,1539279000,48,44.82,20.46,18.0,5.1
406,laguna,90,MX,1539276000,65,27.52,-110.01,26.0,3.6
407,muisne,88,EC,1539280023,75,0.61,-80.02,26.59,3.01
408,paamiut,0,GL,1539280024,100,61.99,-49.67,1.69,9.86
409,kushiro,92,JP,1539280024,98,43.11,144.15,13.14,0.76
410,cap malheureux,40,MU,1539277200,64,-19.98,57.61,23.0,7.7
411,zilair,20,RU,1539280025,83,52.23,57.44,2.74,3.31
412,walvis bay,0,NA,1539277200,59,-22.95,14.51,19.0,3.6
413,okha,8,RU,1539280025,90,53.59,142.95,0.19,1.86
414,nioro,0,GM,1539280026,74,13.79,-15.05,33.54,1.31
415,rumoi,92,JP,1539280026,100,43.93,141.67,11.49,1.56
416,marsabit,0,KE,1539280026,50,2.34,37.99,24.69,3.11
417,maturin,8,VE,1539279882,46,9.75,-63.18,35.49,2.01
418,chicama,20,PE,1539277200,73,-7.84,-79.15,21.0,5.1
419,yuncheng,0,CN,1539280027,82,35.03,111.0,3.54,1.36
420,skjervoy,0,NO,1539278400,75,70.03,20.97,6.0,3.6
421,astana,0,KZ,1539277200,52,51.13,71.43,8.0,5.0
422,igarka,92,RU,1539280028,88,67.47,86.57,0.34,9.26
423,mezen,80,RU,1539280028,77,65.85,44.24,3.49,5.36
424,palmira,40,CO,1539277200,65,3.53,-76.3,25.0,1.0
425,bowen,40,AU,1539277200,94,-20.01,148.25,20.0,0.5
426,santa lucia,40,IT,1539276900,82,39.93,9.66,20.0,2.6
427,nakusp,56,CA,1539280030,75,50.24,-117.8,1.94,0.91
428,liepaja,0,LV,1539278400,87,56.52,21.02,14.0,2.1
429,skeldon,12,GY,1539280030,80,5.88,-57.13,31.54,5.91
430,taoudenni,88,ML,1539280033,16,22.68,-3.98,35.44,1.81
431,nizwa,0,OM,1539279992,33,22.93,57.53,21.39,1.36
432,hihya,0,EG,1539277200,47,30.67,31.59,26.0,4.1
433,huntsville,1,US,1539279300,53,34.73,-86.59,23.0,3.1
434,jacareacanga,0,BR,1539277200,56,-6.22,-57.76,35.0,2.1
435,jurm,0,AF,1539280034,65,36.86,70.83,-7.61,0.76
436,launceston,90,AU,1539279000,87,-41.43,147.14,7.0,2.1
437,guerrero negro,92,MX,1539280035,82,27.97,-114.04,20.39,2.11
438,bossangoa,32,CF,1539280035,71,6.5,17.45,25.59,1.66
439,marfino,0,RU,1539277200,75,56.07,37.56,9.0,2.0
440,merauke,48,ID,1539280036,94,-8.49,140.4,25.44,6.01
441,eureka,1,US,1539279300,76,40.8,-124.16,13.0,2.1
442,jizan,0,SA,1539277200,62,16.89,42.56,32.0,3.6
443,wuhu,12,CN,1539280036,100,31.35,118.43,10.09,3.16
444,tecoanapa,20,MX,1539276300,74,16.99,-99.26,29.0,3.1
445,lillooet,1,CA,1539277200,75,50.69,-121.94,7.0,0.46
446,sabang,8,PH,1539280037,99,13.72,123.58,25.29,2.51
447,ust-nera,56,RU,1539280038,99,64.57,143.24,-13.41,0.96
448,kissidougou,12,GN,1539280038,84,9.19,-10.1,25.19,2.66
449,luanda,40,AO,1539277200,78,-8.83,13.24,25.0,4.1
450,kjopsvik,75,NO,1539276600,93,68.1,16.37,7.0,5.1
451,klaksvik,90,FO,1539278400,100,62.23,-6.59,11.0,7.2
452,loja,88,EC,1539280039,36,-4.0,-79.2,22.94,0.66
453,banda aceh,88,ID,1539280039,100,5.56,95.32,23.19,1.06
454,kununurra,0,AU,1539279000,69,-15.77,128.74,23.0,1.21
455,san patricio,48,PY,1539280040,71,-26.98,-56.83,28.79,1.36
456,cerrito,75,CO,1539277200,73,6.84,-72.7,24.0,1.5
457,talnakh,68,RU,1539280040,95,69.49,88.39,-3.01,5.26
458,viedma,68,AR,1539280041,35,-40.81,-62.99,17.84,6.11
459,talakan,0,RU,1539280041,78,50.29,130.28,-3.51,1.16
460,gawler,0,AU,1539279000,54,-34.6,138.75,15.0,3.6
461,sajanan,20,TN,1539277200,54,37.06,9.24,26.0,1.0
462,rudnogorsk,76,RU,1539280041,81,57.27,103.75,2.94,2.76
463,abnub,0,EG,1539277200,36,27.27,31.15,27.0,4.1
464,hienghene,88,NC,1539280042,100,-20.68,164.93,22.69,1.51
465,maraa,32,BR,1539280042,60,-1.83,-65.37,33.49,2.51
466,san miguel,90,AR,1539277200,71,-34.54,-58.72,15.0,3.1
467,vikulovo,0,RU,1539280044,79,55.07,40.96,5.34,4.51
468,dunedin,88,NZ,1539280044,100,-45.87,170.5,3.19,6.61
469,pierre,75,US,1539276780,14,44.37,-100.35,2.8,5.1
470,praya,0,ID,1539279000,88,-8.71,116.27,26.0,1.5
471,prainha,8,BR,1539280045,52,-1.8,-53.48,33.84,1.81
472,waipawa,0,NZ,1539280045,74,-39.94,176.59,9.44,3.11
473,egvekinot,88,RU,1539280046,81,66.32,-179.17,0.44,5.81
474,mayachnyy,80,RU,1539280046,69,52.68,55.69,5.09,5.71
475,payson,75,US,1539278100,73,40.04,-111.73,8.3,0.76
476,kieta,36,PG,1539280046,100,-6.22,155.63,25.44,1.41
477,yeniseysk,36,RU,1539280047,81,58.45,92.17,-1.16,2.66
478,mende,92,FR,1539280047,99,44.52,3.5,13.59,1.41
479,lavrentiya,92,RU,1539280047,100,65.58,-170.99,5.59,9.76
480,dali,92,CN,1539280047,100,25.6,100.24,12.09,0.86
481,dzhebariki-khaya,8,RU,1539280048,82,62.22,135.8,-11.41,1.31
482,san ramon de la nueva oran,76,AR,1539280048,66,-23.13,-64.33,23.79,2.41
483,shakawe,0,BW,1539280048,17,-18.36,21.84,25.94,3.76
484,saint-augustin,75,FR,1539279000,82,44.83,-0.61,19.0,2.6
485,comodoro rivadavia,0,AR,1539277200,24,-45.87,-67.48,20.0,5.7
486,champerico,75,MX,1539276780,74,16.38,-93.6,26.0,2.1
487,tanabi,40,BR,1539277200,58,-20.63,-49.65,29.0,3.6
488,nome,1,US,1539278100,49,30.04,-94.42,24.4,5.1
489,chifeng,0,CN,1539280050,70,42.27,118.96,-4.06,1.11
490,gambo,56,NG,1539280050,25,11.96,9.63,32.99,3.91
491,grand gaube,40,MU,1539277200,64,-20.01,57.66,23.0,7.7
492,saint-leu,0,RE,1539277200,60,-21.15,55.28,22.0,9.8
493,angoche,0,MZ,1539280051,99,-16.23,39.91,26.19,2.56
494,palora,76,EC,1539280051,82,-1.7,-77.97,21.94,1.56
495,singosari,20,ID,1539279000,78,-7.89,112.67,26.0,3.1
496,college,90,US,1539278760,100,64.86,-147.8,2.0,2.1
497,valle hermoso,90,MX,1539279000,90,25.67,-97.82,31.1,3.1
498,balkhash,20,KZ,1539280055,100,46.84,74.98,10.49,3.61
499,wanning,0,AT,1539278400,39,48.64,13.53,18.0,5.1
500,sattahip,20,TH,1539279000,83,12.67,100.9,26.0,2.1
501,kinston,75,US,1539278700,88,35.26,-77.58,28.3,9.3
502,turukhansk,92,RU,1539280056,88,65.8,87.96,0.29,7.71
503,mehamn,0,NO,1539276600,69,71.03,27.85,6.0,7.2
504,kupang,0,ID,1539280056,100,-10.16,123.6,24.84,4.21
505,jaragua do sul,40,BR,1539277200,68,-26.49,-49.07,22.0,5.1
506,margate,75,AU,1539279000,87,-43.03,147.26,9.0,2.6
507,vestnes,0,NO,1539278400,71,62.63,7.09,16.0,3.6
508,kondinskoye,92,RU,1539279946,100,59.65,67.41,2.34,3.41
509,naze,80,NG,1539280057,93,5.43,7.07,24.49,2.86
510,naryan-mar,36,RU,1539280058,92,67.67,53.09,2.04,9.01
511,port hardy,90,CA,1539277200,87,50.7,-127.42,8.0,1.5
512,la ronge,5,CA,1539277200,69,55.1,-105.3,1.0,1.0
513,tual,68,ID,1539280058,100,-5.67,132.75,26.59,4.56
514,kindersley,75,CA,1539277200,100,51.47,-109.16,-2.0,8.7
515,bria,64,CF,1539280059,96,6.54,21.99,22.09,0.06
516,puteyets,36,RU,1539280059,74,65.17,57.09,0.44,5.46
517,muswellbrook,20,AU,1539280059,90,-32.27,150.89,9.44,2.51
518,cam ranh,80,VN,1539280059,96,11.92,109.15,25.79,5.46
519,kutum,0,SD,1539280059,20,14.2,24.66,24.54,4.51
520,cockburn town,56,TC,1539279926,100,21.46,-71.14,27.64,4.66
521,dire,0,ET,1539280060,39,9.18,38.92,13.49,3.36
522,alofi,92,NU,1539280060,100,-19.06,-169.92,24.69,9.31
523,killybegs,0,IE,1539280060,98,54.63,-8.45,11.44,5.71
524,katherine,20,AU,1539279000,47,-14.47,132.26,27.0,1.0
525,guasdualito,75,VE,1539277200,62,7.24,-70.73,31.0,3.6
526,gotsu,12,JP,1539280061,85,35.01,132.22,13.94,4.36
527,gunjur,0,GM,1539277200,66,13.18,-16.76,32.0,3.6
528,huarmey,8,PE,1539280061,54,-10.07,-78.15,22.94,1.81
529,kassala,0,SD,1539280061,48,15.45,36.38,24.59,1.16
530,wasilla,75,US,1539276960,81,61.58,-149.44,9.4,1.5
531,ziyang,92,CN,1539280062,100,30.12,104.65,15.19,2.51
532,san-pedro,44,CI,1539280063,92,4.75,-6.64,25.09,4.11
533,aix-les-bains,75,FR,1539279000,82,45.69,5.91,21.0,1.0
534,wuzhou,36,CN,1539280063,86,23.48,111.3,16.59,1.31
535,mfou,75,CM,1539277200,83,3.72,11.64,24.0,2.06
536,troy,90,US,1539277980,90,42.73,-73.69,22.2,4.6
537,marsh harbour,44,BS,1539280064,100,26.54,-77.06,27.29,4.81
538,abdulino,68,RU,1539280064,63,53.68,53.66,5.29,6.26
539,umm kaddadah,0,SD,1539280064,19,13.6,26.69,29.24,4.56
540,chalmette,1,US,1539278100,57,29.94,-89.96,27.5,5.1
541,santa,8,PH,1539280065,82,17.49,120.43,19.84,1.11
542,galesong,40,ID,1539279000,69,-5.32,119.37,25.0,1.5
543,inhambane,40,MZ,1539277200,88,-23.87,35.38,23.0,3.1
544,nago,40,IT,1539278400,68,45.88,10.89,19.0,1.5
545,huambo,0,AO,1539280066,30,-12.78,15.73,19.79,1.66
546,kavaratti,36,IN,1539280066,100,10.57,72.64,28.79,5.26
547,kenai,1,US,1539276960,82,60.55,-151.26,7.2,6.7
548,wellington,92,NZ,1539279000,82,-41.29,174.78,13.0,4.1
549,mersing,88,MY,1539280067,100,2.43,103.84,23.49,1.36
550,narsaq,20,GL,1539276600,41,60.91,-46.05,4.0,1.0
551,qostanay,0,KZ,1539277200,86,53.17,63.58,5.0,5.0
552,sosua,20,DO,1539277200,66,19.77,-70.52,32.0,6.7
553,beyneu,8,KZ,1539280068,80,45.32,55.19,12.59,4.36
554,nantucket,40,US,1539278100,84,41.28,-70.1,25.0,5.1
555,kasama,68,ZM,1539280069,56,-10.21,31.19,22.69,1.56
556,shenjiamen,92,CN,1539280069,91,29.96,122.3,20.04,6.76
